voltage,time
0.0,0.012512445449829102
0.026,0.11755180358886719
0.064,0.22255563735961914
0.09,0.3279988765716553
0.129,0.43393564224243164
0.168,0.5389971733093262
0.193,0.6440122127532959
0.232,0.7490005493164062
0.258,0.854224443435669
0.296,0.9594001770019531
0.322,1.064453363418579
0.361,1.1695082187652588
0.387,1.274524450302124
0.425,1.3795619010925293
0.451,1.484832763671875
0.477,1.590080738067627
0.516,1.6951959133148193
0.541,1.8002595901489258
0.567,1.9054934978485107
0.593,2.0105063915252686
0.619,2.115541458129883
0.657,2.2206485271453857
0.683,2.325735330581665
0.709,2.4308552742004395
0.735,2.5363457202911377
0.761,2.6414237022399902
0.786,2.746634006500244
0.825,2.85168719291687
0.851,2.9567863941192627
0.877,3.0619428157806396
0.889,3.1669838428497314
0.915,3.2720649242401123
0.941,3.377162218093872
0.967,3.4822683334350586
0.993,3.587470054626465
1.018,3.6925649642944336
1.044,3.797556161880493
1.057,3.9024388790130615
1.083,4.007270336151123
1.109,4.112161159515381
1.134,4.217111349105835
1.147,4.322006940841675
1.173,4.427057266235352
1.199,4.532550096511841
1.212,4.637624740600586
1.237,4.742737054824829
1.263,4.847782373428345
1.276,4.952883958816528
1.302,5.058232069015503
1.315,5.163405656814575
1.341,5.2684783935546875
1.354,5.373545169830322
1.379,5.478588819503784
1.392,5.5836827754974365
1.418,5.6887102127075195
1.431,5.793753623962402
1.457,5.898794651031494
1.47,6.003892183303833
1.495,6.108962535858154
1.508,6.2140069007873535
1.521,6.319183588027954
1.547,6.4244225025177
1.56,6.530102491378784
1.573,6.635014533996582
1.598,6.739918947219849
1.611,6.844841241836548
1.624,6.9498536586761475
1.65,7.054805517196655
1.663,7.1598427295684814
1.676,7.264958381652832
1.689,7.370062589645386
1.714,7.475246429443359
1.727,7.580416202545166
1.74,7.685427904129028
1.753,7.790534973144531
1.766,7.895631313323975
1.792,8.000728845596313
1.805,8.105844259262085
1.818,8.210854053497314
1.83,8.315942287445068
1.843,8.42103123664856
1.856,8.526340007781982
1.869,8.631451845169067
1.882,8.736685514450073
1.895,8.841749906539917
1.908,8.946875095367432
1.921,9.051979780197144
1.934,9.157087802886963
1.946,9.262072086334229
1.959,9.367055892944336
1.972,9.471944332122803
1.985,9.576817035675049
1.998,9.681715726852417
2.011,9.78660249710083
2.024,9.891485214233398
2.037,9.99655795097351
2.05,10.101599931716919
2.062,10.206685781478882
2.075,10.311860799789429
2.088,10.416916608810425
2.101,10.522114992141724
2.114,10.627217054367065
2.114,10.732238054275513
2.127,10.837321281433105
2.14,10.942404985427856
2.153,11.047826766967773
2.166,11.15307354927063
2.179,11.25818157196045
2.179,11.363259077072144
2.191,11.468302249908447
2.204,11.573309659957886
2.217,11.678349733352661
2.217,11.783401489257812
2.23,11.888488292694092
2.243,11.993576288223267
2.256,12.098622560501099
2.269,12.203681468963623
2.269,12.308743953704834
2.282,12.413760900497437
2.295,12.519052028656006
2.295,12.624114513397217
2.307,12.729276895523071
2.32,12.834471702575684
2.32,12.939622402191162
2.333,13.04485011100769
2.346,13.149754047393799
2.346,13.254707336425781
2.359,13.359591245651245
2.372,13.464503526687622
2.372,13.56947922706604
2.385,13.674644708633423
2.398,13.77969217300415
2.398,13.884771347045898
2.411,13.989863157272339
2.411,14.094934463500977
2.423,14.20011591911316
2.436,14.305099964141846
2.436,14.410003423690796
2.449,14.514962434768677
2.449,14.619842052459717
2.475,14.724734544754028
2.475,14.82960844039917
2.488,14.934484720230103
2.488,15.039949893951416
2.501,15.145013570785522
2.501,15.250129222869873
2.514,15.355509281158447
2.514,15.460542917251587
2.527,15.565933465957642
2.527,15.671010255813599
2.539,15.776096105575562
2.539,15.881229639053345
2.552,15.98632550239563
2.552,16.091435432434082
2.565,16.196537971496582
2.565,16.301641702651978
2.578,16.406731605529785
2.578,16.51189613342285
2.591,16.616905212402344
2.591,16.72199821472168
2.591,16.827089071273804
2.604,16.932188510894775
2.604,17.037571907043457
2.617,17.142829656600952
2.617,17.24787926673889
2.63,17.35302472114563
2.63,17.458066701889038
2.63,17.56324338912964
2.643,17.668288707733154
2.643,17.773329973220825
2.655,17.87833595275879
2.655,17.983375310897827
2.668,18.088620901107788
2.668,18.193642139434814
2.668,18.29878282546997
2.681,18.403881549835205
2.681,18.508925914764404
2.681,18.61402177810669
2.694,18.719130277633667
2.694,18.824177980422974
2.707,18.929311990737915
2.707,19.034680128097534
2.707,19.139755725860596
2.72,19.24509048461914
2.72,19.350104093551636
2.72,19.454984664916992
2.733,19.560018062591553
2.733,19.664901971817017
2.733,19.76976704597473
2.746,19.874653816223145
2.746,19.97952103614807
2.746,20.084659814834595
2.759,20.189703702926636
2.759,20.29477858543396
2.759,20.399910926818848
2.759,20.50494694709778
2.771,20.61007571220398
2.771,20.715167999267578
2.771,20.8202645778656
2.784,20.925302267074585
2.784,21.030786991119385
2.784,21.135972261428833
2.784,21.241097927093506
2.797,21.34640336036682
2.797,21.451462268829346
2.797,21.556594371795654
2.797,21.66185998916626
2.81,21.766884803771973
2.81,21.87208104133606
2.81,21.977245807647705
2.823,22.08225703239441
2.823,22.188181161880493
2.823,22.293359994888306
2.823,22.398735761642456
2.836,22.503835916519165
2.836,22.609951496124268
2.836,22.71579599380493
2.836,22.821828603744507
2.849,22.92694401741028
2.849,23.032844066619873
2.849,23.138174533843994
2.849,23.24313259124756
2.849,23.34800672531128
2.862,23.452888250350952
2.862,23.557876110076904
2.862,23.66297197341919
2.862,23.768084287643433
2.875,23.87313675880432
2.875,23.97821307182312
2.875,24.083298444747925
2.875,24.188584804534912
2.875,24.29361367225647
2.887,24.39849305152893
2.887,24.50337839126587
2.887,24.608274459838867
2.887,24.713162660598755
2.887,24.818049430847168
2.9,24.922940492630005
2.9,25.028547525405884
2.9,25.13366389274597
2.9,25.238823890686035
2.9,25.344156742095947
2.9,25.44921875
2.913,25.554859399795532
2.913,25.65993881225586
2.913,25.765012741088867
2.913,25.870123147964478
2.913,25.975208520889282
2.926,26.080302953720093
2.926,26.185345888137817
2.926,26.29044771194458
2.926,26.39554190635681
2.926,26.50061869621277
2.926,26.605618238449097
2.926,26.71073007583618
2.939,26.815773248672485
2.939,26.92085289955139
2.939,27.026111602783203
2.939,27.131258010864258
2.939,27.236377000808716
2.939,27.341957807540894
2.952,27.447017669677734
2.952,27.552151679992676
2.952,27.657163381576538
2.952,27.762274980545044
2.952,27.867321014404297
2.952,27.972553968429565
2.952,28.07775378227234
2.952,28.182806491851807
2.965,28.287841081619263
2.965,28.392969369888306
2.965,28.498053789138794
2.965,28.603254556655884
2.965,28.708279132843018
2.965,28.813408613204956
2.965,28.91853928565979
2.978,29.02376103401184
2.978,29.128840446472168
2.978,29.233890533447266
2.978,29.338783264160156
2.978,29.443665266036987
2.978,29.548653841018677
2.978,29.653549194335938
2.978,29.758612871170044
2.978,29.863502740859985
2.991,29.96838617324829
2.991,30.073464393615723
2.991,30.17855143547058
2.991,30.28366470336914
2.991,30.388744115829468
2.991,30.49380350112915
2.991,30.598893642425537
2.991,30.70390272140503
2.991,30.80898928642273
2.991,30.91409206390381
3.004,31.01925015449524
2.991,31.12430429458618
2.965,31.22936177253723
2.926,31.33451509475708
2.9,31.439605951309204
2.862,31.54526972770691
2.836,31.65056276321411
2.797,31.75566554069519
2.771,31.860716342926025
2.746,31.96583390235901
2.707,32.07085919380188
2.681,32.176048040390015
2.655,32.281111001968384
2.63,32.38619303703308
2.591,32.49129629135132
2.565,32.59634613990784
2.539,32.70146942138672
2.514,32.80651307106018
2.488,32.911574363708496
2.449,33.01676607131958
2.423,33.12186622619629
2.398,33.226903676986694
2.372,33.33247423171997
2.346,33.43768262863159
2.32,33.54297637939453
2.295,33.64808177947998
2.269,33.753180503845215
2.243,33.85826921463013
2.217,33.96351194381714
2.204,34.068567752838135
2.179,34.17365527153015
2.153,34.27864909172058
2.127,34.38353109359741
2.101,34.488396406173706
2.088,34.59326910972595
2.062,34.698134899139404
2.037,34.80301761627197
2.011,34.90790057182312
1.998,35.01307535171509
1.972,35.11813282966614
1.946,35.22317409515381
1.934,35.32854080200195
1.908,35.43360710144043
1.895,35.53901743888855
1.869,35.64412879943848
1.856,35.749404430389404
1.83,35.85450458526611
1.805,35.95959138870239
1.792,36.06503772735596
1.766,36.17010498046875
1.753,36.27518606185913
1.74,36.38028883934021
1.714,36.485445499420166
1.702,36.59051203727722
1.676,36.69563031196594
1.663,36.80070090293884
1.65,36.9057891368866
1.624,37.0108380317688
1.611,37.11587595939636
1.598,37.220919370651245
1.573,37.32603645324707
1.56,37.431092739105225
1.547,37.53664231300354
1.521,37.64166617393494
1.508,37.74674320220947
1.495,37.85184836387634
1.482,37.95690560340881
1.457,38.062096118927
1.444,38.16715669631958
1.431,38.27225184440613
1.418,38.377382040023804
1.405,38.48259663581848
1.392,38.58768701553345
1.366,38.69274353981018
1.354,38.79782509803772
1.341,38.90297865867615
1.328,39.008070945739746
1.315,39.11316442489624
1.302,39.21830153465271
1.289,39.323267698287964
1.276,39.42814588546753
1.263,39.533339500427246
1.25,39.63822817802429
1.237,39.7431104183197
1.225,39.84799337387085
1.212,39.95308756828308
1.199,40.058430910110474
1.186,40.163493633270264
1.173,40.26868557929993
1.16,40.373764514923096
1.147,40.478880405426025
1.134,40.58405351638794
1.121,40.68906307220459
1.109,40.79412770271301
1.096,40.899208068847656
1.083,41.00426959991455
1.07,41.10931086540222
1.07,41.21439504623413
1.057,41.319499254226685
1.044,41.42468476295471
1.031,41.53013586997986
1.018,41.6352858543396
1.005,41.74058794975281
0.993,41.845696210861206
0.993,41.95074772834778
0.98,42.05589842796326
0.967,42.16102075576782
0.954,42.26608967781067
0.941,42.37126898765564
0.941,42.476335287094116
0.928,42.58138155937195
0.915,42.68652939796448
0.902,42.79158806800842
0.902,42.89667749404907
0.889,43.00172305107117
0.877,43.10679006576538
0.877,43.21181344985962
0.864,43.31690216064453
0.851,43.422000885009766
0.851,43.527371883392334
0.838,43.63247752189636
0.825,43.73758125305176
0.812,43.842679262161255
0.799,43.947776079177856
0.799,44.05323338508606
0.786,44.15844511985779
0.773,44.26339602470398
0.773,44.36830711364746
0.761,44.47319483757019
0.748,44.57806587219238
0.748,44.68295669555664
0.735,44.787832736968994
0.735,44.89276742935181
0.722,44.99791502952576
0.709,45.102972745895386
0.709,45.20805644989014
0.696,45.313162088394165
0.696,45.418225049972534
0.683,45.52347135543823
0.683,45.62848687171936
0.67,45.73358225822449
0.67,45.83862257003784
0.657,45.94402813911438
0.645,46.049214601516724
0.645,46.154308795928955
0.632,46.259406328201294
0.632,46.36452674865723
0.619,46.46962380409241
0.619,46.57491707801819
0.606,46.680004596710205
0.606,46.78504276275635
0.593,46.89016532897949
0.593,46.99527907371521
0.58,47.100292921066284
0.58,47.20540499687195
0.58,47.31049966812134
0.567,47.415589809417725
0.567,47.52080178260803
0.554,47.62586975097656
0.554,47.73108434677124
0.541,47.836135387420654
0.541,47.94130611419678
0.529,48.046501874923706
0.529,48.15159487724304
0.529,48.256707429885864
0.516,48.36190605163574
0.516,48.4669508934021
0.503,48.572041034698486
0.503,48.677106857299805
0.49,48.782164573669434
0.49,48.8872766494751
0.49,48.99242949485779
0.477,49.09747290611267
0.477,49.202715158462524
0.464,49.308130979537964
0.464,49.413041830062866
0.464,49.518001556396484
0.451,49.622899770736694
0.451,49.727768898010254
0.451,49.832642793655396
0.438,49.93751621246338
0.438,50.04346585273743
0.438,50.14860773086548
0.425,50.25365996360779
0.425,50.35889482498169
0.412,50.46391272544861
0.412,50.56899881362915
0.412,50.67401123046875
0.4,50.779102087020874
0.4,50.88414478302002
0.4,50.989232301712036
0.387,51.09432816505432
0.387,51.19938802719116
0.387,51.30450367927551
0.374,51.40959906578064
0.374,51.51471996307373
0.374,51.61994767189026
0.374,51.72495985031128
0.361,51.8301043510437
0.361,51.935378074645996
0.361,52.04075884819031
0.348,52.145813941955566
0.348,52.25090408325195
0.348,52.35594916343689
0.335,52.46106457710266
0.335,52.56619429588318
0.335,52.671250104904175
0.335,52.77636671066284
0.322,52.88147521018982
0.322,52.986571073532104
0.322,53.09161949157715
0.322,53.196683406829834
0.309,53.301814556121826
0.309,53.4070041179657
0.309,53.51211738586426
0.309,53.61723875999451
0.296,53.72234797477722
0.296,53.827502727508545
0.296,53.93260669708252
0.296,54.038041830062866
0.284,54.1431941986084
0.284,54.24831175804138
0.284,54.35338020324707
0.284,54.45826315879822
0.271,54.563170194625854
0.271,54.668046712875366
0.271,54.772921562194824
0.271,54.87779521942139
0.271,54.982685565948486
0.258,55.08782887458801
0.258,55.19305109977722
0.258,55.29817509651184
0.258,55.40345025062561
0.258,55.50846767425537
0.245,55.613609313964844
0.245,55.71862840652466
0.245,55.82372260093689
0.245,55.928831577301025
0.232,56.0341796875
0.232,56.13978815078735
0.232,56.244959354400635
0.232,56.3501079082489
0.232,56.45519971847534
0.219,56.56042695045471
0.219,56.665478229522705
0.219,56.77049493789673
0.219,56.875606536865234
0.219,56.980703592300415
0.219,57.08571410179138
0.206,57.19081139564514
0.206,57.295862913131714
0.206,57.40092635154724
0.206,57.50597071647644
0.206,57.61099863052368
0.206,57.71609711647034
0.193,57.821223735809326
0.193,57.926270723342896
0.193,58.03165006637573
0.193,58.13666558265686
0.193,58.24175834655762
0.193,58.34677505493164
0.18,58.45302152633667
0.18,58.55825996398926
0.18,58.66356158256531
0.18,58.76915454864502
0.18,58.87403893470764
0.18,58.97892379760742
0.18,59.08380389213562
0.168,59.188873529434204
0.168,59.29377245903015
0.168,59.398669958114624
0.168,59.50375270843506
0.168,59.608917236328125
0.168,59.71404409408569
0.168,59.81911516189575
0.155,59.9242217540741
0.155,60.029600858688354
0.155,60.13469171524048
0.155,60.23973250389099
0.155,60.34496474266052
0.155,60.450077295303345
0.155,60.55551552772522
0.155,60.66062593460083
0.142,60.76577711105347
0.142,60.870827436447144
0.142,60.975868940353394
0.142,61.080910205841064
0.142,61.185951709747314
0.142,61.29104256629944
0.142,61.39615559577942
0.142,61.501262187957764
0.142,61.6063117980957
0.129,61.71135115623474
0.129,61.8164758682251
0.129,61.92159938812256
0.129,62.02701735496521
0.129,62.13224172592163
0.129,62.23730158805847
0.129,62.34239649772644
0.129,62.44745898246765
0.129,62.5528028011322
0.116,62.65788745880127
0.116,62.763097047805786
0.116,62.86821174621582
0.116,62.97339582443237
0.116,63.07844018936157
0.116,63.18360185623169
0.116,63.28868556022644
0.116,63.393733739852905
0.116,63.4988157749176
0.116,63.60387849807739
0.103,63.70896911621094
0.103,63.81406378746033
0.103,63.91918635368347
0.103,64.02433323860168
0.103,64.12938618659973
0.103,64.23447775840759
0.103,64.33950638771057
0.103,64.44453048706055
0.103,64.55017852783203
0.103,64.6552984714508
0.103,64.76039481163025
0.103,64.86548137664795
0.09,64.97052597999573
0.09,65.07556557655334
0.09,65.18069505691528
0.09,65.28578424453735
0.09,65.39083671569824
0.09,65.49587607383728
0.09,65.60094809532166
0.09,65.70603537559509
0.09,65.81105589866638
0.09,65.91614484786987
0.09,66.02143263816833
0.09,66.12648129463196
0.09,66.2315764427185
0.077,66.33696484565735
0.077,66.44212079048157
0.077,66.54734373092651
0.077,66.65241265296936
0.077,66.75751185417175
0.077,66.86260318756104
0.077,66.96779608726501
0.077,67.0728976726532
0.077,67.17798900604248
0.077,67.28303933143616
0.077,67.38816118240356
0.077,67.49322271347046
0.077,67.5981559753418
0.077,67.70304775238037
0.077,67.80794191360474
0.077,67.91282987594604
0.064,68.01779699325562
